Run semi-empirical minimization
 &qmmm
    qm_theory='AM1', grms_tol=0.0005,
 scfconv=1.d-10, ndiis_attempts=700,   qmcharge=0,
 /
   7     N        2.9000        1.7780       -0.2310 
   6    CA        2.8690        0.4420        0.3810 
   6    CB        1.6640       -0.3350       -0.1540 
   6    CG        0.3730        0.3490        0.3010 
   6    CD       -0.8310       -0.4280       -0.2330 
   6    CE       -2.1220        0.2560        0.2210 
   7    NZ       -3.2760       -0.4890       -0.2900 
   6     C        4.1360       -0.2980        0.0380 
   8     O        4.8030        0.0520       -0.9070 
   6    CX       -4.5260       -0.0680       -0.0140 
   8   OXT        4.5240       -1.3450        0.7820 
   8   OQ1       -4.6960        0.9290        0.6600 
   8   OQ2       -5.5860       -0.7520       -0.4840 
   1     H        2.9760        1.7140       -1.2350 
   1   HN2        2.0910        2.3170        0.0370 
   1    HA        2.7870        0.5400        1.4630 
   1   HB2        1.7000       -0.3570       -1.2430 
   1   HB3        1.6900       -1.3550        0.2310 
   1   HG2        0.3380        0.3700        1.3900 
   1   HG3        0.3470        1.3680       -0.0830 
   1   HD2       -0.7960       -0.4500       -1.3220 
   1   HD3       -0.8060       -1.4480        0.1510 
   1   HE2       -2.1580        0.2770        1.3110 
   1   HE3       -2.1480        1.2750       -0.1630 
   1    HZ       -3.1400       -1.2840       -0.8280 
   1   HXT        5.3440       -1.7880        0.5240 
   1   HQ2       -6.4630       -0.4120       -0.2590 

