Run semi-empirical minimization
 &qmmm
    qm_theory='AM1', grms_tol=0.0005,
 scfconv=1.d-10, ndiis_attempts=700,   qmcharge=0,
 /
   6   C15       -3.4020       -0.3810       -0.3760 
   6   C01       -0.7330       -1.1380        1.1730 
   6   C02       -1.0720       -1.3870       -0.2900 
   6   C03       -1.9760       -0.2420       -0.8440 
   6   C05       -1.5660        1.1860        1.2410 
   6   C06       -0.3170        0.2750        1.5740 
   6   C08       -0.1240        1.4430       -0.3890 
   7   N04       -1.3060        0.8700       -0.1980 
   7   N07        0.6430        0.8450        0.5850 
   7   N17       -4.1080       -1.4870       -0.6860 
   8   O09        0.1980        2.2790       -1.2120 
   8   O10        2.0560        0.7830        0.6380 
   8   O12        1.7790       -1.5230        0.2370 
   8   O13        2.5550       -0.1980       -1.5510 
   8   O14        4.0340       -0.4460        0.2680 
   8   O16       -3.9130        0.5000        0.2830 
  16   S11        2.6490       -0.4380       -0.0510 
   1    H1       -1.6050       -1.4110        1.7680 
   1    H2        0.0770       -1.8140        1.4460 
   1    H3       -0.1510       -1.4310       -0.8700 
   1    H4       -1.6000       -2.3370       -0.3800 
   1    H5       -1.9180       -0.1720       -1.9300 
   1    H6       -2.5100        0.7870        1.6130 
   1    H7       -1.4210        2.2370        1.4930 
   1    H8        0.0130        0.3470        2.6100 
   1    H9       -3.6980       -2.1930       -1.2100 
   1   H10       -5.0250       -1.5760       -0.3850 
   1   H11        2.9080       -0.9210       -2.0880 

